1 between 2 692.1578865536187
1 between 3 3490.2586403239793
1 between 4 205.75027883457204
1 between 5 346.71882253414816
1 between 6 512.6122467083617
1 between 7 444.7310005470825
1 between 8 566.2019922936282
1 between 9 1282.7708445154385
1 between 10 307.66912835221507
2 between 3 2798.8010531589434
2 between 4 897.6589863450828
2 between 5 1038.8268882911389
2 between 6 1204.0781989863117
2 between 7 1136.3273438149283
2 between 8 1257.4495275592424
2 between 9 669.8902282318555
2 between 10 412.076077167744
3 between 4 3695.114191079636
3 between 5 3836.9066381524567
3 between 6 4002.6890825730284
3 between 7 3934.8715588311575
3 between 8 4056.1355729719103
3 between 9 2294.57964158953
3 between 10 3195.9239010108936
4 between 5 142.43887392408647
4 between 6 309.50632446700047
4 between 7 241.7301145044183
4 between 8 363.2628951046584
4 between 9 1474.9454213642691
4 between 10 504.63411599571515
5 between 6 167.1498001315246
5 between 7 99.54554331498562
5 between 8 220.90178372040566
5 between 9 1615.852353440387
5 between 10 646.9305638786212
6 between 7 67.91186107588504
6 between 8 53.78989116172683
6 between 9 1782.2030486002302
6 between 10 814.0761501339795
7 between 8 121.63372043718282
7 between 9 1715.2531997144126
7 between 10 746.3355586141014
8 between 9 1835.6396718448902
8 between 10 867.8230790917461
9 between 10 975.3204225971708
