1 between 2 2219.1772770509865
1 between 3 9948.044077639335
1 between 4 528.6997575475606
1 between 5 413.3650612071161
1 between 6 827.7188856579816
1 between 7 681.0349895443137
1 between 8 917.127382961168
1 between 9 832.1474343052389
1 between 10 729.0563485517976
2 between 3 7767.945602579569
2 between 4 2734.0498544640413
2 between 5 2628.4908097297634
2 between 6 3044.4778721252733
2 between 7 2898.7128939326617
2 between 8 3133.460130173686
2 between 9 1812.4545744763466
2 between 10 1491.3573457511582
3 between 4 10433.061351319797
3 between 5 10361.367486044566
3 between 6 10773.530838116945
3 between 7 10626.48859681842
3 between 8 10862.965776276442
3 between 9 9340.275232170257
3 between 10 9236.840021697923
4 between 5 221.37279398782263
4 between 6 375.1561884837036
4 between 7 249.3791882654921
4 between 8 457.25965255434755
4 between 9 1156.5833757939854
4 between 10 1251.1583460671166
5 between 6 415.9899852468605
5 between 7 270.74879157775905
5 between 8 505.07106661337866
5 between 9 1171.964205896139
5 between 10 1137.135265913954
6 between 7 147.04697388149492
6 between 8 89.4909165524104
6 between 9 1529.4640115204097
6 between 10 1553.1238066646654
7 between 8 236.51462239245419
7 between 9 1391.550421146714
7 between 10 1407.404400267174
8 between 9 1613.555789411286
8 between 10 1642.1286873773308
9 between 10 709.4077855501387
