1 between 2 15760.12247224593
1 between 3 14110.83439088334
1 between 4 9045.32023455239
1 between 5 5567.684524118405
1 between 6 1924.6240815733204
1 between 7 1100.8590503593277
1 between 8 402.89054961102914
1 between 9 2105.4425755929597
1 between 10 3169.003772849924
2 between 3 11524.505650179837
2 between 4 6743.88410019246
2 between 5 10192.525007384162
2 between 6 14455.11937212132
2 between 7 14682.450992891092
2 between 8 15362.417960805125
2 between 9 13674.707531226235
2 between 10 12597.039559531104
3 between 4 9545.879403387185
3 between 5 10883.382187801386
3 between 6 12233.959804503613
3 between 7 13208.002933714424
3 between 8 13786.484182516106
3 between 9 12508.95738096874
3 between 10 11938.376127029482
4 between 5 3494.2224155718104
4 between 6 7718.222009696623
4 between 7 7957.775949135465
4 between 8 8644.807041005524
4 between 9 6947.820636329124
4 between 10 5876.330199605868
5 between 6 4404.562590797219
5 between 7 4492.458214360271
5 between 8 5169.9372911256405
5 between 9 3488.1585187816186
5 between 10 2407.918794485802
6 between 7 1182.864189045907
6 between 8 1615.7882361392917
6 between 9 1313.3274934048693
6 between 10 2153.771471752397
7 between 8 698.4881359277906
7 between 9 1010.1976652126849
7 between 10 2085.4606764072964
8 between 9 1702.7926583344838
8 between 10 2768.6077191659247
9 between 10 1080.534943939508
