1 between 2 15747.234225995131
1 between 3 14100.144687804226
1 between 4 9032.333022974994
1 between 5 5554.786693382845
1 between 6 2006.7026683699517
1 between 7 1338.161125522521
1 between 8 514.627037539365
1 between 9 1571.2434198098995
1 between 10 3022.6608840606823
2 between 3 11524.505650179837
2 between 4 6743.88410019246
2 between 5 10192.525007384162
2 between 6 14474.554115568231
2 between 7 14412.056615494355
2 between 8 15239.87707116475
2 between 9 14328.226191823098
2 between 10 12731.397634823861
3 between 4 9545.879403387185
3 between 5 10883.382187801386
3 between 6 12167.79387138704
3 between 7 13125.351004065811
3 between 8 13684.606757319763
3 between 9 12643.985638343242
3 between 10 12006.39461776129
4 between 5 3494.2224155718104
4 between 6 7742.6281172713425
4 between 7 7694.276701483224
4 between 8 8521.197863130883
4 between 9 7588.404540222487
4 between 10 6009.820222838373
5 between 6 4452.971684507903
5 between 7 4219.760574098205
5 between 8 5047.516256062294
5 between 9 4167.636533016605
5 between 10 2542.5693542004556
6 between 7 1405.1090803330765
6 between 8 1637.7294382123869
6 between 9 910.9943878357352
6 between 10 2124.2633623517277
7 between 8 827.840658014979
7 between 9 566.5510174100833
7 between 10 1684.516011855046
8 between 9 1081.3793348240201
8 between 10 2511.458858671225
9 between 10 1649.3891719444812
